$ANSIBLE_VAULT;1.1;AES256
32323532353230393262316539303732393138323737613934383039646139303833383430366338
3435376664636361333366613036363934366334316539660a353633376562343432616431646562
65613930653037373163336537366662313639643131326435386536643163346266633634393962
3636396161366332610a373165373132363539643937623332303630373763346635626233333366
33373365646635633737363062623835616562376236636639383263643461656266366465393761
61386233363432343662303063633564633062363464656662613465653762366462623264613462
32393063373466666433313936613533333635616430663037313538626138623365323931343963
36336330616234373739333339663531336337643639663537633931646537323931316261633464
66333665656439333739646565613837643262336633333334316164663734333230323132633238
34643535613963303961353266653065386163663765396537656230316365356530363534386665
33663833386361316335363837623961633363363463383231366565323534343337623561306236
36306265396565623231653465633765663639363763656534646130666561336630313232303630
63373663323937656238653631396538373764383565396338636434646632643234
