$ANSIBLE_VAULT;1.1;AES256
65333364333036366161323963393233306535373136653434623135663062313865663865636263
3261316362333130383633383832363630323265653636640a316136346130303066376334653664
39373832346430393265336233393063376163613464636631326431626130666331653936616263
6430643462666138390a306164636238626431323833363836656439326133323661623563613330
34646431313564383331396263613532363932386364376533366238393334393738363238633035
64393062323739656336356265373232343236643230643536373738613866393636303064663732
39326465663537376431613832613664353036366162373734623436616234626361333938633034
38396666663663623437326664656430646638326532633839393434633130646461316330616463
30313039616138626537343762663564656535343931663034613036633264656364373235323231
39373133623265396132626637653832623165326432316130376633376166306431396264633363
38633032643639353636386165363737383763663733636538306530366439636237656566356663
34616634393036383339306462316165356166653338323937323366323666303464643734663031
33633437643965363764663836376539336430386131346334303730356133663564356539646631
34306361666261613566376664303663306666313665343431343365623961633330346264336166
39333332323936346534326261336638643966323862316238626630363963333034356166643838
35336233616238623639386566336463386363393738616431643265663633336163663932633066
65633338613732306661353733616531393735613035633038303032633466366434333737643635
32393033303162363666616133363765633562303335633638646336396663613563623137313034
66643561363933373137363462326166613566333536303731633064663764353663646262326231
62663666396333323037363031336630393932323938653563653561363338663237356135363362
35383664313463383236313161633139303933326232303264333136313239313961313366353031
34303366626331393937323861653333396465386535633535663266323665303366366164323130
63363963643532346438356435366361363338396138373333646236393966626635623664323263
33313235313063653966
