$ANSIBLE_VAULT;1.1;AES256
37303562643361663833616166323732333763313135656336393132336531356561653633663133
6538373265313263336661353639646637363434313230370a346630633965376531343031326261
30366439643033663838333035613465323732613339613532353330303639316630343335323936
3439643463303438330a383066626563376435393034623761373034383036313465323439303333
35306662323762306465376335326463663230363730323961326566633365613661383035333535
64653333613539633661333037666536373032386265396637643238333534383633613038303734
33663939616165623137376132626337383530393662663730363564646434383061356662633734
39376335303831663863363061636639653431373432353534393866363535303533363463666164
65653961613130346330666432626632613038333863353238353732316530353336616165323136
37363933663330343636396262333432643533383739653462663165656138353765663039663465
31373165353362643637353436386665393336333562373032396234623938383766383331643637
35383965353938666161323966636163636564663234336166616630386435663937306165316164
63653433383131373237386537313265353764343964643137303764613134646335353865643532
33653236313339373231386331366334653037633064346138353434633765616566333766353262
38643565363330363036353865313534383766633635663630393865383934613333363865386433
37316665353836366334306135626139393362613836326666363530323833343632356661383334
62613431333738613739303131613734653161613465336563663634356165323861643962656331
36333139653937623363623561623663656335303632363232313534393939353265373135356331
37333064356466633065636461636138343432633434386362343231616563383237643032383966
33383030353463636239303766623766363062623564383930313730336330663064313533306537
65353439393030666339343262343836643331353230316532313430626537393531386337663464
38663064663761366136326261363835633534316536393261376561376339363663313032383434
63623865616464386336343434643136626564663832313034633061626162346266613532666536
36386463316533303132
