$ANSIBLE_VAULT;1.1;AES256
36366633633264373833393331623662306531653133633461376562353836626235663436353162
3237626165643830313434323165356461333231663837390a633362386361323238313230326532
33323866616162356365656363663336353965343066316137653062383436626233393863306131
3762356636633063380a383232643137663838363865316430316334666232663036393030313366
37646562316432316538393564616663643566626439353462396136316264363561663866623931
39303136396466323033386137336263356364376530303130313939383966666635663562353337
34343836346361356530653938353537643036306565643565663532383466306132623265353732
36653161616466623966356166626531616164626237306132666335623339366435663731303534
62643431356361396532333433383362386262313930643066613164646236643739336564306534
32373739343836313639363761663736313563303931333831346432623062623537666336346634
66323739633131323936383662633533383230376235623837656363356239636432613964323435
31363638666235646165316162666538366233396163636639386366373066663362313266633030
36623830326161316332383963376538623563386538356363653334633965633663303965643365
33623162333464313837383632363465636435306435356433353262646466623839666638353135
30613365346537623661653562373865643536383165653034303263343339396532616638633939
32386538383234346635393364346331373065626139323735333432303437363334383161373964
31616639646538646239346565376662303636626431646366663036653636623434396563336432
64386139653335663339613165313466393364323664336137646666346462323334376434643037
65303038376264353337633438323166336563386438323335313161376331383965386363636631
61666136666564633063306562336336373139616437643031303066373430656266373561636563
61333738366565656336346666643231646564383263663130616266613864376135303564383736
36323336633237656333653337386239383063666532646236343061376266373863376564663565
61633261383334653538366333633135313835366531643238396265363137623366396362386361
65346331383237633132626135313932333233316563313330666437343733333730373835353437
3934
