$ANSIBLE_VAULT;1.1;AES256
37653437353632363265663333643866353131623661323961326634646330636137623933396234
3433623136656534323664333862383536643462336435340a636430333538396237626130613161
34343534626531373832623936363361666562303663336131636663366439316163366661323330
3963376332353838650a326234323664373364303233376335343763373636626638653934386362
61363536393661643463386637663365623065613434626536626232353964396366633531633332
35333765333162386634393661363764353666623661633032623832313032306262313538363135
37356630393565656339366666323037323632663066626138366636663534656239346139383134
37313333633235346431373838353733353536613331353765376163616535643265303631373663
63663865626130383465623135346338373433643863616239343365623339326433343732623132
63636438666231366534363333643130326664613332663030646135333439333463373636346665
63623762633433376664356335653264626362353631643764346365396630323763356439633135
64373331373236356335636131643735623935653763396530623662373035666136313935366231
34653237346632623030336163653064653136363937393532336432366365633566323164303935
30363434346164386666623336303235363037333333306230356630303564633362636432336338
64396266393066643335316162356361353030373637626466343066336237356562663633303533
38353839643761353661366364393037313839626430643830386437353637316262326335663663
61656666663564363938356230313638343830396432653439626165366462653666306666303330
61643630313034366133396266383366623564316637666163636633613634336133616130623632
63396337626363383665636130316239396338343133393836666532643634313763396430613833
66373933313739383637343936353730633266373330346535303162306664356338663731373339
32666264643562313037643332633730646430373962626136636130363138646366663231336565
36343536386365313834336136396333373233383465393563666437383539653530343462356563
35306332316337646139343262393964323662393965343763333432396562353933653066373961
33363864366638623339623066343930393538323464366537636661373935346638343763336566
64353566613336666332623735336236363537663464346664363131636430383434
