$ANSIBLE_VAULT;1.1;AES256
63316661633563323566336333613636643037383963656137366461643062393832653636393663
6230376236396235346336373864393335356438613437620a303137356438653835653161363036
38626565656364393666333530646636376432666239663762373934363037663565663633333435
3963666238613062340a343134623162323462623163636639333538623735663762363563636430
39333437663866633331646465316637653634363431383139313133613033313466353936326130
62633430623633396663353063643263316236333365326164316237313764383036376332653563
37363134613163356534393130616361393938393862373239363163643132323633383432363830
66373133643162396231383633643165383565366632303930653939333066613866616334326163
34326139666137336136666264323561353062336461653466623762353136313233636130366365
62353136653435383332346562353935303534653466313164613831393637353533393465666361
65613061396336616231356635633166303235663136393632363062633934306537396435386263
63323533353534663733306333656630646166393964626165373538353033393835653031623862
64393965396137363436653537346533313063366638383238643265306434303332633163346433
38386566333331343831643664656534356632346636353035373230613762633865623461646462
61653330393164333163653937306565653735396538353862393865346366656330656632656637
30653832373434353164303961326337336532363033353266356237343965653432383565333961
33643462373034386461623062333264326261616531643535666232333964303135363539376535
63316664656362373331396233626433316661626434306638333532333066626137653138303738
62323635623930303035613437376436356165393437613661386331616264386664383839306635
32393134366635363133613861383732643365353431626561326365616432643736303134333964
33353933376466326162316130373839646463323265616137353738396432643631343335346666
66313764646465383038613538616533356164323138343065623062643961353034313662346266
62356265663563633261643538376664326534303436656264386437373861663538323536646339
33663230326364623739
