$ANSIBLE_VAULT;1.1;AES256
36313765393839383362386334663834633661336663353938346338326334663863393037623130
3838643036396433626431306431643230373264313266320a643039336134633032386264323433
63326339333236393262656266653835383137643361303662323232623665613461323833396361
6338303266306531360a613731363735323635626432346366363533656265663536366234323432
63356365363938393134623066306536613461323035386537333964386639346163613366326437
38646465653662353833666464616439313337396463666139646333373561626339656539396135
65383230316535396265643462656137366566653462316533303565613032633833666161306634
65626335393634316232326632313535363231353965633433633133303166393238613034323263
30306461336261373137336165333062326336633136653861303365626566373537323661613836
63323064343039306561633763343337663036396138303038623936316530623031633461383766
65373763643463393933613432633335653539636464343435316431653237343032626366303564
66626339306134353061653362663033306139323464633831613532353736646130316139623466
38323739396636643663636535656566633766333838633766663532323231303463383339306131
63303139376166333833326336616133656463633164643334366533363233346361646635383433
33396233326132633230326230626265346236356136373665616636636665306365303436333930
61623433623531343532343466313431646438633136353331343066363761626235323334663931
63663033346539643963363562326230393861336566303861613530666532393236363030623530
64313432363563386334323233353362623231626332653334353439653764316132313131666639
39363438306633306362643639313232323761353462346334386165383831386464363238303533
30636236333231373162353337356334666337333737643434386536623838633561336633353965
63633630633864633238663065373661663263333063353838636464343965326661383430343637
65383866353935623936323136623934653933656431653137306639303836623236653033613836
31356335353039313134353064323037366635393466366431383562643534313564376436343536
34396263656632623939656531623939316464396561303766653533663933386665396466346566
6635
