$ANSIBLE_VAULT;1.1;AES256
32343231653766643033613961313263366365663730306230336538663136303462326139303937
3361343763343965303165623239643130623936323863640a353962323433316161613637646235
37306439623165366235333933316433666135383330373931313564616339336134333766343264
3964313638303361620a323763373662336132646535643565313032363435323463393439633861
37336232613234666437303736366161343238343930323465303163326566666430636262313939
63383066636231363666363561393264613735323139333732666531356335613635326165653839
32343239343863633066646562663566343264346136346361343733613966303938633532646133
36343565386662323263653030333333663738656561333033336333303666396336653335363562
62666438363765376639623233396262363638393761396462353666303335336666326166663339
35656631323239386361366637613665616265633537373232373466313632363538636234653031
36633232666263643639363130623338303561326234353562303565333461626234633534313364
32306430656339636665363332303030396234303638353838663830633932663830663037303136
33303337656162643430356331373539353366643364633532643139666262363363343236646463
64653231363161303535323635386432633964386135633061656232666337613666613133366635
61396364376231316630353531383238363663306565396437626361643838616266633837633331
35323737623039313762653633336438346134396265643930383963633365366137373162626332
36383365656661303234643364396331666336353338303238333538333037653162613330656438
62666138346537663536643637333863383035653833386433613566336539313163623463626535
35633032663032333739336439663336656332663661343932346564653138383437303065613965
30366665666233353563653962383666326532353536336136336235326366373130333238373838
65333065613333613836643031633339323263646131303333383834306662316130393434363531
37363562363164303965356334323262613134343763633961356335666239653438623265343336
39373136396138366530323938663131643032646332303635366465396535356437386139386364
65333966623364333434616437306132653463366664333130316637656362363638656163666431
65656464303337333631323336323666313131363735613264396562383735313863643537316630
65626239336439393662356164373332396633653834636633636439333965383538323339313533
37623364363838643635613230343866373733653139363531343935396165323638353566626437
62383034613066346136666161373665316433386663383663336131393934626461623535616139
33373063613566346237376534326538323933346462313765393065623832396436396165363566
35353531313036366363616136376661326432343333346562656537353133346666306263656431
37613065393461383163376135656235386632383730303933626539383832666666666233613461
37663831363466303735323962333536303533646430333132633764616138363930613537383431
37343336643030623964643838636363363331653839623937343638643432316563633965386238
62396633386331343638646631623638363136613333373661626263636330653666383434303866
62323561316336636638353464306563663932376135326138333266633136653636666363643338
63313137356331323563626561616436343938666363343239663038613139356164636465313434
64366163653931316263376264363831626561366232363165613962396638303461346235373962
31376564313937313835333935366135623038396466383830303562326163336132623536306562
62656266353263393664373338663239373230313330643562623834336561653166656662636239
62356335386232383933393661336262623966326331333238383864646631316630663531623039
63653530366536653364383034323533633033613761353636626462346139323737353362356637
39343966666563663230366566373761636239323935313038343031646133663636363165333538
36353865326338333161616366353061363533666466636239323338336464343964636430393766
65666563663363623935313831353333643065323063636465396166636239653336346663353532
33346462383535626534316664326466613436343636346363666437336361633133363061626662
61316463663363353736356465303936633665646366373866306162666633323436396339626237
65396433313731626639356236373431393662653030636564633337326465393161313333636639
65303864623039333631373533323937336538323335643464623231383862316438396235383030
33363336643738303561393538623332383362386336396662396566306338393261313439346664
37323461393338643762326666353562336561393938313431396637383230323334616662633062
31383432376330386336383861623039663632396534663461373238326631663465316265613665
38363463376438326531373035663166306638656566636137346266363835306431626335656262
31313263646138663638656336396266653430396231323037633431376134393063666563636335
65333563356564346639646339326666303338343831626665376637373833346134616331643738
63363538663663393064373538623930663833636366626238663339656165623965643031333961
37663438633466383931643239363433343535326530363863633461663661653236396465383039
61346337396539653263663764623065376362343637643330666435383933396665613661623534
36386661623931336164306631363462336561363235366666343533333165643736383664356132
35386632306561626662323930333735633536356431363033333930616134613737326135343133
64393062383131386333623232643964353962386538623535346334393565623364373663373331
38326237626136356333636333393964616531373763343332313466323561316633313635393034
39653765353631666334636130366165366166656331346532623565343433653730313164303039
30633936333230313466333664633839613864633038613966326531383335653437313936386266
38323734383134653930626262646136326137633631333637376135643133393666363663316336
61633737346466376236376637386434663039326631343335323362366239326630613934616339
36633837636438646530356433393838656639373933623333356333643534343465343637346465
33623537393862663733316463333734626338333838346238613339346261336465636262383066
31333437653163663539663163313264663934393831386265636661316565663930346131613830
61633137613333623632343264386363636566613761373631306332356436316136653763616537
30303530313432346261383037636464663037343164323233326635366165353234663565386531
35616634616433663131666337363561663833643633316338663634396565333864656566366263
61343465333332666233343038643334646631353066323333363736656364303465396535633836
38666630613732326130313138646634396564386366613138346565636231313364386161623135
33626664623539356461656461643865656537326335316338306533363333306436393134666632
37356365353462326263353832376431313365353265636131326462663632306335663638613564
39303564653062383638326437623737386438366462623639363933633636636138663134646137
33373132373437333662343134373666373762616463643264376237316139363365376164393864
35393166656237393137646234306165326565353435636362396330366563356533303838656431
33396563373433373332333763646336323436336337666538326565313435306665336665306339
35353362323939366165303530636639376161373261643036346266316632643337646166666432
38643862633130646639346430376137366264396336343564386635313232383966343135636436
37393866616562613262623830393664626663616133393337643237386566663031306635386130
36383637353636663037323962326464656536646566316635353262376232333965396566383361
38656634313736386561396361646132323139646165323238386366336566613731393564366136
37373931623165323333323130303931396237626239646365393031333161386437363837306461
31643137366662346462376565343732356530616635313864313238616334383439323338623032
63396435393738613334303364326335613562303063633430366638663031373361343961323963
36336332646230643830653835386161356237643962303663376336366263616430613839396131
61343033396333313866396436636237643465626330643736633965366239316434663836646235
35323062343964333434336434363337613735613466663866396530616631656161306166393030
62363737633732343165616530623935656435336464323438316534353930303634326134333362
30333265643563626462353961343930386130633939366463663538386133343238383434363334
64646337343736376131333061396365346564666363333136346337613730383030636135633531
37376434653935313336666639396530636561303733643130303934323336333331383462633037
33303163333630633264623632323635383366616235613830353462343636383063363532626139
31616464663532383466653335303437383331333738393463343963663063303565306661653763
36623965393132346634363335343835636334656563386139363333623765323166386662343438
36326562643631326236353662303434623435313636353664643632373965363565376264633863
63326464386434363862353866353039356164616231346664333163366239633332323138353064
31386331383133623833653439313738613366316537316663613635613033366331643635643234
64393539373932653164373036373031653239613063383766656262333339663363326132313330
35613466376266313638366463663661663831653434613034636663306461363765323230363533
38663939373838396364653731353237323565666363356166333130616338376438346363346435
30666134306438653138323862653032393339306462616636656464323834646164316366353166
32613265383839646337363933636431396562366136666163396237323063396336643266386463
63316334353663323365376365656663623663653666366331316134656163323633366430396637
36333139626136356664616635313336386565613539376137626436343631663930396231393964
30373235343136643733336464626161313934363335326365323138353263613030323636306139
35353665376130373164363064666233366234366634663931316466333666323365633932313437
34666632313865306566336335356162383663356462663866663637663664353833393564666437
30663565646236336238376635373232386435653035373336626165353538633466663736313939
39613231346630306161323738626166316461613963613830663730393262353631303335633265
61663133353136626437636632346532393163613238313936363131323862393238313139626661
32663435366363376334353337373363376439356664386434613231346535623062663133303238
36313632666135633834313361353938633662613130633437636630373563376263373263656534
38383662656437613865333166336137346437363536626536636266356162323965306534383233
62626630323865313865326234316536386266336361376461626131343538623338376330316232
66356266636336316432646464323737663065303333306236323164396231313733656563373534
34646336326465373261353233376564393634343034643263656635666230316566313962643434
64656435613163306237376461343931313532326532663962323835333861616365616537373632
33343339373161323731343333383939646563653165326365613965643661303963313361346562
35623162336433653462313135316233663630666466343038373236366233633335343165633863
38396639386635373461646431316334623663623762626563323765306436656136626363373065
38343363323665366231303431633831326533363562323765323836663333333066366563383063
66646438306561303166643634613533313830646238353838653665376466383964383664623232
34343738363035613265353836373136663936613263326437333937616364376564313435643236
62363631353735633139363232373865363365643934323861333065323838336362343032343463
39383765353461363930376266356664396136333635346162666239396331633661353764636462
62363938653235393233336366336562343431656232346631653135653932646335613533613665
37333533363135333132393464633936393365396332313732323866373566366336663030666366
30393262343433363863383765383335613364373636646239396237653766303431653334636162
66376666363930313630616166393535316436373833653339343866323665343138323939656166
30303630326536636238313562633034616333323735356465396264373266376164616564616164
35383963663861376461386538366437646435353138326231633630633739363538336536333232
653136343930623830303634366364643664
