$ANSIBLE_VAULT;1.1;AES256
35356266656366333364613864333965666465666532363135653437373334323531376536646463
3735653038393765353335653736353064626431643635620a356365366663373163333563356462
33666535396330313238633937303465636532353330393332303866373134336230386563663362
6432306338356133370a623564623864343361633663336261326464333235616338333465636462
36396263643539303362376233636562616333343766626435356130386635663364383937303362
30613432333638396535663831373366633139663933383365323666313238623734323336386239
36306439393165316634393139643734613263393437623766303462313633393937363937653363
37383734303239313232653061303036356535643439356137326331346633383333323664336631
62633330613130646264313831353734666234643133656530663266306366333965376435646262
61376139666236633164346437393866663262663334656332333336373031613730323931646634
33643335393665393266656264383737663136333566333439613166643435366233356332616362
36386336386431313664363933366634633633383631376663653166646535343961323632323835
37383330343666333063323964306133353032323938353236396162326632613937643730383866
31326631363064333936643563663830663732383932396136356466663032343533663064343737
36393164313831383535666533623563363963333239316634323037636439343163366439613362
33623733623364393264313463303733636231626135663030303565323932636332393665653963
61666264666538373462656231623935643761333638613432626638356366393534363466306662
31386337346135353363356337353064383662363333343137356234396164356136326534646633
37636634383235353830353631643639633732613934303534336464313438323763393865666563
33343761323866656362643266353061356434653738336565323364646136373138393737386164
62303139666566646165313736376562386263613666653030643763643639323766363139356139
33373138333539336239326639303833636166316235616633396432333363363461643630636435
65366365623063316564306266366663326433393963313233363565376239636239343634343631
36393037333263363637336362633533626566626531383030303465373237323162326533366334
33633465616138396462356638636238313739346433326461616162626539326336
