$ANSIBLE_VAULT;1.1;AES256
61363239633935656338396437393963376635383761623366353233633736636130333062633366
3036393162303730373630373139323035396234616165650a343033373530646138376337383934
37383433323166653861386431363263336165643463613636386239323037653437323230396538
6431663530653236380a363636366461623063313032313461366430373539356466386165393939
38613934623337653363363339356134306536613765363534373831333633643761333661626534
33323235666164666531353664393931666366396162613137386235316565633065623238656435
63303531663562303939666566623365396237316234646632393765306330656232343762636537
61643565393566383334663965343933306632383063373033303166326363343037343736396630
30653134383236343830356133343139363664346663653233663139616362653632366135636130
64306465353365663166393834666236663365316537323963613864373439663364316135623237
61303133666665663337323132633530643635623636643464393339626263633338636262633539
32383039353933383935646132373663393562356564376463323332346432326563656565376364
66623562353737343137383633346666366366653931386333323539333035646361613563336331
30663161373663626434653566666662346462356430376138336237663132303234326331346366
39343438313934626238643163363731303330393536313263393435373330653430306439393065
36306339316439383462633065366234636530333966633466353731336263366230363631303035
65353561363832663833366463383462643631333265623765353262303932326366656462386236
63333539356537386530316465323630656431646332343862343731306437383738373566643161
65306439313537393931306435366262666338343031376661643932326262323833316665346539
63363464626630373538336338633930383034363131646135303839303835366166613463643166
34613566386131653938656566343238393137346264636637393239363933393438343732343135
61616633373031613835666261333461666134346434616532363530336162393864623661343765
32366161343234643039373564653235653964343066613164333838346432316130613437623635
32333066623861353938343564363963373366373235393330323538313930613132613230393363
31633566653432326263306638643066346132663330666131396565383338626439333263306463
3038663138616335373131303536663365343263613336373232
