$ANSIBLE_VAULT;1.1;AES256
61346630333265363037636135623362303033353866326432356431353430316139303938366664
3131306437323430386464393334643735616239343537610a376463353336363265343134626166
31306333366166343464336634306463363663666538373238356639396637396161366630303365
3530333762353232300a643965356639343964363030363639353264346531653761393137356331
38313537333066613033383931303137363131363236633133383563613863313733313730663262
36343036373333366534333232626535303364343530626239353737346332303130323038303535
65636463663665363539303838396661386162383261396533386236376530376263656234353366
39613433323736356531393735633361333731383434336265363131666434366561316433353837
35353035653063316434653162643461616533363532306237303031643062363038303531346536
32386461343364316461343339343534646339303461663564653461636165306463613638336436
37363632393164323165333532366362303836373365663462383135643336383161356331356230
34656236363030366537646639616234313034306161646664303832656464663230623265376635
61636132366437323963383263303063356365383466643236396633346264353064336539356339
61373362316231346265356639656664333062663364643535383139336633316231333838616235
39313234386437333864373061323930666430623865663365666334363433633533303031383630
66396664623561363962393439376230613865393532346562376532373137613366376139633033
30616634633165373237623932353164303930326133623066666565346135336165666463346436
38633666626539303234306430333562656661613064656564303039336131653534323964316330
37313762303430663730376430313530643339366362633230373631303733366235616563343263
34323237393034383336666531396334343366386432613038383131633338613765373032333938
38653132326433346161373031636431333561303737306364373137386464633161656663616661
32663131373561313165613865643638333866643333663538353532653464353364323335363834
38303830306536353766643435303861313365633039656334613631383133383631363432616137
37356238316535653066613734613266653838326536373636613533353438316634303032373435
3765
