$ANSIBLE_VAULT;1.1;AES256
30386232636135626530393033613030303134666530386239383764343063336333386530333434
3236623038396335323236366232326663346536343262390a386535343934363766376131356237
66646161383232343239646535656239333536616434363466366264613266333030633163666634
3035363736373537630a323835366239653136383837353366343833616237373133666331663034
65323430333030653239646561666666616535333837333237393737653965356439333831366538
34633034383439613864323538303031663663346131636533626466623938373332393832313834
38626433646130396630656433323038623061633830386364663666623432323664303865323530
36373761303539333264376265643066663136396235616666363261353865306363653133343763
65633263323266366535613562333063643863613731613437616461653137336638393638623433
63333030373264653464363634356565383064646638616539633630636631646563396639363136
61636233323332363932313238663666393932396163323538633963356335616633633139613534
36366264323636356632346266313939633635323631373731386164386461326264353037316565
66333539333932356332653037366130643333346266313964313966353633306461306634383835
66323466306162653838653536343330333665376266376430343265383533316561653733396163
62363736666664366630353362383862666533666231333266653738653838623835613336613536
33326230373337306331613962323666663839366462383764636636386138313465343963633638
37313436326461353331613236373936346533373662656239313761366133333638616565653633
64623861373266373531343937386137363039666663313437623863333232353738343233353230
35626236656335646163626132323031323136333664333538333539653063376634336163393565
66356534613332326139633161653334626232613662383038306161613735366336326531386434
38623332326334643931333433373762306534353738306166333461643633336135323638636339
30353431376134353131646662633836376438353665316230633566643635336139383933383330
30666431623131333631333633363330326132346363613638616634313566383237323464643233
63363764616466396633383435393834303661616632633363343462613330633731643163613863
34363961643561303465643932383534663733346539336637363662656636346530
