$ANSIBLE_VAULT;1.1;AES256
35386632333139313438303232663030373236666239643030346639613137313830663930393161
6339636661623362373937336264313238643139393564340a663832346434383434333734333236
34336637303839346465353831316334643934346363343339373431343039356632386539643432
6330643337616366620a613464643162376362306162663432623436616433386534613032363462
35316664303966613139376632306466343166326638316230633933303936353862373864386434
63333331346461646631333035396337656365313862386437316139626332336136616634323631
36333033383433653164316436653966303635653134363630353364343339343565343530623762
35623937623534626434363138663066366565386662393835383539356635386365333463656263
31373632666562616266633630353330646632343039303263303562313931376234666139376631
37343331643863653665663065373664343261646230626166383230313035623034623364373364
34653534623662653839313233306636376335323566613562316633313135626362353665626438
63333732393830383937393530616561316634323433393263613532303365323838373635643966
36323430323163386363363166303136663731613462306634333830633539393134653532396433
61626364346335663531306134643230633536303662316465626535393030616539346532393464
36636362396638396162633763616164653330616661663431333265646135383063396463393861
34346538393762663665616638353834623535306232353165353832333637326230663962316461
62353431636130666339346436313935656634343239386362393865333861386439616531356537
62343266303930613362656437323338346163626336666239656265623264306138346364306530
61313233346263656139623530303262386234393233323933363661323430343438633264646333
32343032663736663363613362653638646331363432333530616431636330303561393066336630
32666131376432393735303333386235343138323236623434656231343535623263636364343166
36373533383435313233656663343435323831353331643163636430643065633034303062333030
66666331366230323532373662646632313430636331613237356232633039393863633131393339
66306130633366623939313664333534353838633164366435306232346638393735313631623662
31326331363539616131613834396136303334643562633036386361366534376163396234633038
31636264396534303562616339646561336165626235316534333432623663333238616263356631
32363961643563306464343731313530623037363865393765623863633136333163636537396666
65363063653566646535
