$ANSIBLE_VAULT;1.1;AES256
61343362363339613131396362623835393233663462623162333338393238636233343837323036
6637376365343663333338383535343235316436303662610a633938386162346266626234633062
30306236336438356566643632366138363063633838633361366664326363323164353537633336
3133636466323934630a623563323432646139663465366438646463653834636661633336383637
31376234303534636336306463326436333666636162323838633466613566393461326532343962
37323461336262633861326235326661323833366561656561346334343839393062363063393037
62323265326330366630363166386336396438623535396339343232613537653539386161323033
31323365363534333534313539616338353163376664316562656439343832323562633936653263
34643161613966386335343734616466653461333861663435346530333931643132623464356166
66313431363837343139323433373766303564326330646639383361636230656265656339323830
66343736383237396232653465663961366131363638396163636536393133326163613336393737
34366537393265316261616462633464623738633165613330656337393761363561633833323139
64343435623465343266346537653838653662663738663630326638613732383433653065643864
31663533623365653462323336643330653635363834356238313762623731313439643166323030
64663738323439316438656262626361363332306462386563373766393266353064663661666665
38393163633335356336323734616562646533363264386537313736363938653933333235323239
62643035636531393930366535626339303930336334366339303864643139363139653239333038
35646538326330616538333430303062376364626163353866356261366663613061613633643439
62666162653461623738613531386631353166323937646162323534643263333634626265363536
36623534636133626335363663623631393164306332613864346532393632353437373636343066
63393335666337623130613862636636393766633864323736636663353536323661333461353233
63623065613735313836333861303235646432653731643539346233623234353263666462343734
31626638366662333136326461373034366631313935363165343336373866396663346438616333
64666361303535646439633932343138653837343439633933366464363432376166636364646435
3334
