$ANSIBLE_VAULT;1.1;AES256
30333761393635306330313562666336333433656637303336363764353433393737353236333464
6562386134396561393665613536306264343837396437640a323031303065363064616537303831
37626532653838346461313361386664323934653938623731353035353964326563623665343031
3839633933373762300a376261656132353265393030373735323339643032323434373438623133
38393934383639313035626533663462386438633864356136313266623862376363343134383735
62363037393263623535343131633937313634646266613261333937313439393033393634666237
63356662346132366434363665396432306661356635363966643939613964663466323663373366
37643262336366393930656631626136303265356436366462393233663263646237333262643632
64613733353766653531306134323633323365613239313466326563366463333664396566646230
32343238323166633263653036393839653666386461643363383061396462366430313131666564
66303738663632643333343561326433313466386237343861343630356638373334613637346361
64363336303961643435666134353664346162343561663135613939633232663237656431646332
39653134666632653231613962373930613561616134646564616631326136313562653734303531
33626463326561353731353364366462396233643262633033313265313139643130306339663663
37623933326239353561616133356566656265646233326438336162333832643139326636363638
35303164636635353737613531636634643864646266323736363132396335653034313336613830
62663163633632393736323764326131353430383732383762353962646331393234393637666635
32613434313435336438353766643935633337326138343261643663363535643535663937336538
31363438373830356435366664366632646137646531383964643737663661313737646536386264
37313730306364653133363937383066363538303731306336316564333030393939316339653339
30353537626132353861636331643463383238663134343365633635373639373032666334636438
35396563313833633037643337306336323963313632653733323665333365653839396134393166
61386130376364643166623136336562346664353564663363323565626336323937303463393466
37396231646237323638623731346164333539356539333738373337323838646635353361313461
36303036333034633136303733363930326563376663643339623237656463346132643065313331
35343639653932363962613733303037613564363437326236303864353362656262393766323535
36303330353731616237366232386232326631313632313938613066323234303330336266653964
65316665623462313833373064363932353036353236396235396463656462393434623635326131
62376232633730343934393763373663343661616634646561623637393236643430346337306135
32623332616139333461383064633839396362663131616264316135306534353365373731313735
32353335393334663631346664316661366161643237366230666630343939643365303732656563
31616666623132356230323030356337343239393530643662353739616162383961353531323962
61643838623163306235386462373434643733373136346535653865306533336439353765386434
65303435343161356561626634353631653134623130363264633330303634326235653739393539
38373963376530646563633331633865303038336665383036633131366166646534616563613633
64313461383933353638666338626132643337376435366666626239386362373135663962346436
31666563333330323736346239626633393563656662356364653634393665333433356533653063
32343365343537323739353565323034646530623866393765323739326263316661666161616132
34666431363933626131306364333135626433353032353662333562663031643633366538333761
34303666306261626434306133373833376462366366396639383732653663353638353462333164
35366435613236643130636566343266623438336439363762393766623865393535643564326434
65666636363436363832353263346133313433366137373364343561646233343333306530666664
35386238633836396239383939366535376637363038313766313335626336303866613164336565
66656236333939633339356561613133623463383664306434363162613333313466646435333862
34376465383030653039616236333132313937366237653830303562346330613565666162336236
36303831343136656635326465626463653438326533626337366635653438313137333033646331
34656636613263656264306364623635343064643563393163363535353735323630323566613463
31653264666637313032613131303865663532396161313739643738363061353138356362646139
62663633386336663864613134306235326166323334623661386334383936386530663362363766
63616630656366636135633832336531353333346636626435626135643432623735386438643565
32303331366232643534303662633463306661356261306363613666373465383933353264363833
65336662343761366130366531623434363335396330323735636239353163626562663938646135
66653362353464623131623264356139366538346431306130323661376265346661383338326537
39303063373263336137643035663830333235376132363534626635643464386336336161323139
33623837663131623035643964393336326335623162303062316435646134623535346365386438
35386332396538343263303739643264313234333738373130373730616666313266646633653234
34393636373565633462643037333335653133663634633238383366363133386137363731356438
61396236636533643366383761336230666333363537643436376661303761633530613330366261
65366533613238306665383132653063303062376236633836636165306235383137656664393366
34656531353530313961393131366639343232313266626465393931366330386436356161396131
65336636326233316433653736353030323136633862383965343736623565326639333164323436
61613834663131333236643332616466383734313365326539386337383963653335363734323633
39323637333861326233646330373634343736643162366431376530393365303635636665303732
32383161633462396237663337323333346237306632336130393838313138333039363661626431
64326331316363656634313932383761343062393835623433343730653538363236316135613836
65373638366238643335636563323932383763333534656230396234356335313237393161333237
30313330326134656163316234626233303630393231373031346338313965346362663031336531
32613933366262393634336662396630623030363765636363353237653833663265636463653461
30396364303837333533363564653430616436666266643062663837613661373865313464313965
34386333663261616262363236616237326531626637396263316234393930373563373130363636
37393564326663636332656433633762343435306335353834353965666462333637323865373033
63346139396534343832343934663066386534303661353534343339383231386637313663646532
36333061373031633762346666393733336330636438656234653939313930363664326264393837
33333534316235376235376563313162663037376165323838323637383137363033366566356234
30366336656638653866333663363531393733333034643162316662323935356431653531613030
65313365646561353366623464643634373630356439323461376362633464616563383836303237
31393762373931363137616362663265653431613033313761363461316535313065323437653661
66653863313061366637663265656461663437396237373063653839373734633332663464633935
66343535333166386262303863343464666264363134336630383135663330626532313935653065
61343665653664353963366232353361336366636437343836656138306463303966373465316337
39316135636631333666373439656239316163393639643666333434343961656133306634353463
61383038376264626139313337373435383136303438336638353335616237366530373334346165
34626163326432666337313263633764653439383937393531653236313237643339623964393436
65386631373539653238616533383435383864643737316332386433313030343336353966306335
37366362356662363261633863323963313865616663613339343631616562336238316561646334
33353665633536626336346233656633626234613139303237323532643736356432386138613933
63666135336434643866636230653535303162636231326461616566336463363962326465636139
35336530303462666439393633303437636161376231303065303466653034376533376565663836
34303165323736633830376432353865363863346533346232396639653430646532346438666339
64636637633464323761633937366139643664363834333337616433643566626363333531386235
61316633653230626236353463323136666266333861383133663137613135646565613564313566
35346437643338636661353535613737623665343863346563643366386330643564656230356634
34636632653436396362643266623331353135626632626136353135663964633361316630633765
39663736326262366431643465646663376362663334646636653438323135303936386165653363
65396233336534646134343830353832396366336137646133646565363835646465343738346339
30316432663430343966373138333764303362343863376664316638613736316634343638346536
62333636303262396363643037663734626361666561396535613765393465656165333561343232
37613461643234656162663765643861633766393330313362346564303362623137393035363433
63643562353862663134363362633263643336386161623532303234643536646339376431363238
63656562393138363565643939646134393438616436636466663632333736353039333831303664
39336362643833383737633535393231666331383634386136336335303839633135636239376430
33363934656439363337616665383633323933613730663437373139656361623434303539396565
62303335646234333334356162396637633765373866643039306564386237346430363335663430
30356536666530623535616162356338336434376537326661636665393030623566616131633131
62366430396439613339616135646537633665383864343364373931613234313865633261643338
32376465613630373835343137306163656230393231396532323661376361323164653437326430
35326566353334626534656438656232313036613336356235393262623731663030643935363635
36653565316338613263656462373466306363663366663238303064663464376239656630313465
31396332373035396565346562653464343333366461373662363234363231313066363164663266
66393365323362376162356163373832363338383765373866323939343461376435623531333939
33653730393234666633666164346238393764303566623838633064346262356538373834613234
62333330656332633366643032643662373233646161326337636166633938626463363933313362
33376334633564626262306265656566323230326538383238366430303761306435326363623736
34393131333736396636306530313363343731653464393433343633306136623832636562316632
31653437316238656536393761613136626161393063666234363762313436373339363439626436
36326566353262636563653335313931353239323062323930663636353337666637373435323164
31386134333432366666313538306531356631633534383530643937363632313735393361353631
64313730623130636530353466333036643230373434363861613062323236396438386634353833
62323761366234643731623037646133613432383936366231326235333762306335303262393163
36326132653832306137353539656364643964326634383339353034633937356235316634656231
63373439316461636232386433613234383439346466336665663833366631636630353334396638
38396562613234666263643262653664613139346664616131643635303832306138396331613165
38316332316231616130323239306638613832613066663730646163656233373339656264393033
32643634313233393666656135303335633033336230613165613964313933343238643438373164
65353538353334653239343334643437663830343063326632386531633361663137326233663634
34306264626535653762616639393561333837653237346233383565633465623939323965323536
38303037626664633237626537356566653130306564363138343563373165343264343538356463
65643936663738343837356232306466383162646361316534343937623536323131653438303935
33303561656132643533616630353865336566623033636237363763373663326630633932623462
30636565313239613764396666646630356635643462306535666161393535636434616564363634
30316461376638383630656461303336316639363833643539613230393561396439303237363433
36356132323932663762313632383161356466336364633635386630303763613063623965653765
39633765353834303634306532356566346133333032303261396362343161666337656533623066
66646532313763353838313430653239643733303065396630643430643463393561623936653166
63333865343565653462346236663563636233356135656438623435643966616636336233323062
32336563323338353434616333306532373130393864383531656631386433323635336138393962
33616430616334393731323437333031306331613263313763376536343361663733373862376632
33333334323232313737303065616632356238323835303735303262663738333161353732383634
36396330383364616131383761363062366137313766663739663337303737316561646133613062
32353363626630383138626532666535643864663335363430623262363837346262316633346132
35353964326637643835313930336461316532326163613434643536383566363164336363396633
34333162333566326138623661336331623865306361333161633533323563636635393532613862
32393061323633316664663964343936383537623538386236626637646262626138633836666564
62623164333866343730383031616663343665323336333762666339646264333034633762643836
61656137376233393934323936353663636465336462313666326239376530376331376139306364
39393438323363616264346531373733363730663234373161373738653763336332383363613464
34663237363139343465316532313261393132336530373965333437356634303966313836663230
38376165633931643532346361633361386130363731393836653065646435616236323038393734
37373135666236316362386431656438613936396131386631386466313166353634306533303831
65313361623133643465376666623963626530323333383135313039383532643865643834333334
35643962626639623763383738613662616130613936383262646233343166366462623431363733
37343532623131356330313332663766343865313833383638643235373862636439373936303935
63626564316466396237393563643932316239626263343564653038393936303931313332623930
66616264396561326136313034336635383139613931303662363062306463626531383132396437
37613366386461613433633239636438613834656635383766363539346238643933396536376533
63396137346432303664373534356533353836613062346463363838383564363562363764643030
65313635353339333439313062313964663438373239613632663937613436373061346262363633
62663630626363363434376538663562353036383338323031613532666331303431656363636363
34386465643138623838633436646334326365373138303534366437313562353134616561633762
31326262633861393566656232666434636665303432393763326263643431366230666461653938
39326564336232353366646631343363393238353637623562343961306263383338663233383331
32386161313264306534333135323161653837663630363336386431313138383066383538656335
62363431656537363361363661666336386437396639316665623331656666373935616533353066
39356138383230353166366562383839356539383461343231366631323065386438643335376461
65333738346337323831343936623130323537653938346239383934643836323061656434643233
30633331356438393032356135373939356137313137643263373831373932333034393337666135
66623834383265393662336664613536666464633636356561353535326434306161356366353036
64306538306637613434643137323361346262343534313165383165346635366530666337643264
37663164643539333264636433653433316437373039663035303131666165326430663166356630
34306463646564303037663730383665623465303534336236366639653134366538356237623438
34633864643234396564643964303835363365646663393863353834653036356666336136663737
64303333313339373230316166366362333539353764393937653061393531613939653830373130
30323939313464616362313730323232363030333665316337393236303530323264
