$ANSIBLE_VAULT;1.1;AES256
39376365323835623131383738333664366439633438656463343638613263623335303037326636
6637653561323531323361373066643536366265613365300a623436646332343837646234656565
37616338333362643632333362376434633163643738663834316165383435633239333531346238
6661363233653433310a623862383561386465623735376333643930633435643539383365323836
63366536623035633031616436386333373963656166396232333337323935333737316132366536
61646130633731613338316135366234343161333261373131623533303836646161366132313632
62363764636634363437613863613162316365616533316635343838663763623963363432353763
32343630623231366536393662653439363263306337363137343233333631363066326265646433
65333066363233316433663236663662333232316437303661313261306266626436303139373162
39626239336337373739623436346439353866623565633864343633383666386566396164326432
62386431343266303539646366663032633339646663336265333638613730343561343533666437
33663764343932646536383636663134393262396235373466383832326334383633353039383435
65303139366431653538373965623866353832343938393961313966623064636130343063373431
38306437393536316336396633366332313530363638666636336362333030316631353839373666
39333462633233373030306135326136383665626162346130366539626464316462613266646239
39393963353639303631393265373631386133616533366130393364313434623630333839666665
64396334626530346365386265323163623438373862623635303539666631343463363933393436
65363666633665386335653331633531653730623563343562663239333535366334613538313131
66656261646566653832373932613431623034336230613734333039623535623038346534643736
64333964623230626166383338616466616566333463613038333930653734643065376565633839
35633163373339326465326538626131323733343130333231343730343736623162386335363636
33306236646539653033376637633765323937633831653930343961653031343565663236396562
63303763656439613231373738653530353438613436616437656561633465393861376535393630
66383235306563376561326566343361396332626631623639393462343030343438633134393363
3436
