$ANSIBLE_VAULT;1.1;AES256
39316337623438383062396234303564373531646534353361353335326434623131353761633666
3636313032353834346137326535336138623635306434360a616334353434386136323733393930
33396434656235363533643233326163656133633363373464646331663232656430343963306365
3935316437663962330a656464343464303737356135636633336632386137353830363332383834
39306564633666373131326435366436396631363865636538386334393664656462383838633730
66363666393331653932623239353861643633623763386664336137383932636561313430396666
37636530376236353661383565646439336366383038386363346435646362376136343537623033
36656263636266336632323062646633653636323330316433303639626238303936353963343139
64313463303632313835336237663363623863343065313638653463613761353863396362636262
61353430633434323433636436353736303161656231643139346663663635303030393461653035
30373631303434303863646538383633656664393862616533326432386264396534666534336465
62346261393539346336373236373864343933653662383237616362633363613530366666316131
65386138663161333638363765386335616530316639653138626265613566396565313632353961
37323262616364636465656438643938633036646130303465646464346638333239376638663438
31323033363665623235383133333234393862333430386462323163353765653431626233393666
66386164323861376536636563653537326636653663353465353466343933636162366131623838
66656364656361386339383337636439396438616634623237303333333561343261393439356566
35346333333863386237643437653433333335663265343533393166653363383537633937336436
38613563363338396466373863353162333635303432323662623165343764616464653262653265
34353933663064663937316538346139306639363839393536386562396262393465663466366262
35363032626133623763663739653566313036663364653038343730373832313035383931346362
31303433326631373462393964353132323633646338333665636637663239663938323733613263
31323664613864306661656666666365373035663963346434333535643435363036386664326639
65663066386562393630323466343736613532353735396464663833393761333331326638316139
62366565623039313638663835633434366463363930353633613731326562336134
