$ANSIBLE_VAULT;1.1;AES256
36656135326434663634616134623639346438373966643661366631396266383339383930616565
3436646463303034343834613365633062386163613731340a643738313632376461633935623838
64656334626562383165383636666533653433353064333964356665373930653363316133386631
3531303666396361660a613565356231663435613838643464303963633936396161343733316464
65363733393663326235306462366362373964613765373865313333636532393530373966373236
62346363636365616331643830376661636664353335343738663635343237626235353933393164
64333439366461373736373363303038393631663262313031666130636565366232373835656637
36316535643765303464383936393636663036396164653738376336653333343963616431366466
30633264343431363966383338636663666135653536666637323032356365636162346466303730
38373337656135376135636633363266626161636132313932306665653862376636613937353039
34626465333133396430636264623762653032663739326231346464663630613062396563376534
61653965356665636532353366366133306262656464653337353632333462356539313064343461
38653530383361333931653534353663316261383939303837393036373164323330313134343565
37636633336531303733306238393336646165336536613339303065306166646239383439373730
64663261653138653665393238643738373662333534656634373562386231353862376538363866
38613239343132383662356139643033636161356136353237666634316431386235633364376538
61366366666534373436393462643565663665663839316263626633366536613633393530393261
39633833623466633237336236333833323639373539363839343861373362346565666633333766
65323736346230366435333531333063653335373935396137373266373238393339613830353461
62643865313035326330323835393963363736633461626233643761643564383562393039343432
32626265646334666235333531656533636331353966626637383837346639653762303763306232
66613831653063663530376535626532643865323635366465353430343865666334656231316334
34646132373333373737383363396334376431366463346231303135613131326335313761383933
63643335323438626233333239376164646239636265656132343836346333363735343161613564
66656165316661653632313965323034666363363136353837613635386438313031356530653866
63313536636235316365376632383765343536303532363332306561346261323061653562626530
63326538636338643338306265313634313565656538366164333365393738656461386662353662
35626631346463323266383066626662333161633363336363343362396132393263383134653664
66343965626438323061323131663635613537303130636366666462373063303433343736393761
63346338366265343236663737383333643234626437396634383661343939383262663762623164
64376463356238306464653761613331376166343165303961626261303230343135653033363739
61303464626561643637346536356231393430326562323766313035336631383365623831373136
31633839666230323931376163316330383165643731346165306662333934346365366436376566
31306131306161306438663361613531353334633334336431633036346239626566323663313166
31633532656333353337616531636261303634613234663039646630663966383932656432623834
34626437373333663063666636616165383134353063613236646532336234356236613632366666
39663231306365376263303535646164333433336633333965316365396663373731363930356534
65316133636231373731643166303832613734393531663864303339363533386536623565613764
37366262636364313462326564663137643533656461313066613430643530383061383139643966
35656430376439333337373034353631653638346535366266363362393632643534363963666132
35366332393138656136343262383035636363383530323437633861376466383739376535626234
35626238333831663061346236343634643130363939323466366164343263353365653739306338
61303132393432663635303432353466346539656434386136646236313932306564616461326565
61313061366361343237363034656439363233316539373563386363396136663234623137396366
66303934343030303631343931646239373264353539353664356631373661353337633039643438
66643333666430313366356430623361326335666432616237373463323035386634666230666165
65613064373831353161363031343636663636333233633331303037323662666136626133653465
37356534623637666335383333386537313265656266356162646636663335396262616132633562
37633539396537313766633732323038663963306165326132646539353536303930316436633638
65626536633063623139623861363336303139333932646562343837383732386534666538373034
39303439313366373038393964633635303662653265376361653435653534326135363266333566
30346366386634336337643861666130663236393635363434343436343236303766333566346236
30373166383837383634363230643437343034646335613837616637643638373466323936613831
61646338393938383065636461656661613234613961643637626233306361616564343137623838
38666631643736333234383165636133646539323438666238306364383830376166303635653639
35623664376434373362396366393262623134613833626266626262353662643262393336326262
37383665393566303039663266306235373065613665343033366363333736633033353163626237
37373634623936646634616663353034643533373635333935366364363631636365353931326533
32383534333961353364326365613265396237656237636163313462386630393534653338636237
32623163366361336437616437373238323963376338336434336231633534333465303566653333
31386432653136643435396261373135363231343337386364313632616238303664323566623165
65363332376138646565333034343763613765646531363336643031623333353239653536636431
62623737626537326339343836343139313562653261633464623333623633633231386261643831
64383531626362666637343138663765633637316335623032316262303264306565663966633264
63623865623166383337643438333938363465666266663133303066323339323662383639303261
32383662343164613732633066303236376166383136626433653930346433363431363630346234
32356666356366313232656337633131393963613135666564353137356266346565353036303066
36323032343432383430333331363464363766623632356331386234393836666464303033323363
34616264653361376638393563313661656663343961356436393466386639366265343931613930
34616430333561313031616461653339343837323363323736333566613837626239373937313966
62366133653636373732363735643163633939323339613864346436356364626538373834623664
37656665326639653530343963363232643264643438366564663438383365613332303066383465
38393164666434333338376135326137356336356133383234306433386465623466613832313964
34626530653531316566396362653438666132323865303539303730353239663563383265373234
66646565643762353338333665393461303065393262623065393161616437623536613164393264
65356533633239366437323139366163633232653331393732373134313666333564653538613137
65616362363134363037333762623734636165623164383638653032386664306631313262356238
31343138393135303437623264363332346634366537343463653731393739626532376163346466
61623739323034623937313331643933646332356234393565623432336662663233306339383336
61343637376161623264336466353565393262383461663734396235353938336439626538663030
31656464666161316634323661666561306238316366613665623361343833376138656362343531
63396533376137636133633266333339383035633863623136373962636462393838616132656530
38323030636632333235643238333562366338656565343363636531326139616662313765306231
63306661656338373563313165643666313436616132353362653135623230353933303934353934
36333663313562346234363435396566333439393638373061376666633033326130363466663037
33303932376264376332303431386166646533386664393762313261656133323132613762316436
33633230306166613037353938373032313130653666626261643363366336636435303037613130
65343039313937303462356433346430633364653538653632363164613030643062376365643465
33323762343231363833646535383666363864303566316631346633356265623138623566623534
36333434353363353036393831323366616562383536373166383932306566643535643665303162
36303961323830393062613162333338396262353235646366633266613335623063376133346434
31363632623135663062626165333939393230363439396233353735623137303164363161306133
34636236393038383036646164656131623735356462646135316436643732653233366661393166
34613366383733376263663564666135623465333339363936653933353939356331383035326537
33643465386165303563666336386438326538343134613033346563386437623537366134313762
63633032333232633066383564383234643232616631653431386135356135386264653431656364
34333231656666623435623431316366653036386535643966353461663866326335396334636466
61386563303465663439343637323264353765616361383630633538376438623366666464323365
32316633313534363034626664366635306364393734346666363564633961313438646538663063
35616535633665303965656236613262653430636233646335613035666534613563363866326333
61356664633338663864336338363533376632316638623132313637633065393738333939386139
63656637303436383833363732353636323434663631643336633535366564363963366462366461
65306536643937383933303735623564313031646663393832313539386238396431366666653135
37663963316365623333353038633932353164316661353139326261383738383838386536613637
36383834633165633034656162626362326661636338643966336337613862306339353230663036
35333138633662646466643338656336306434366434356637613164313564646435643464663764
31303466373032326234623533393361626661623135396634636633363064366136663066363061
66356430323033326539396635343132623563393361303961656436386562646233613566656230
62336662376164656539323463663063356537623632303535643839356437336665646536396466
62316563663434616132623263656439363934613230346330663232326466663331623164636331
35616265663538393632306231316339613433633635626635626434383930396337623238396563
65353638393636663337346265333663343264653661363039386137333265626232363166353764
31306331393861663030663065333536323532326361636561356537343264633530343436373365
63636164396533346362376432343835336262633537643033313931313234323664346234393864
63633339323538353636316665373035333361653265623331613636663862366230353030323061
38393136303837386237626534323532666266393636303536336337333364333034363034396334
35636130306133393964626563353132353538333734376666383132646537306538666530386230
35323036353333633066336635393165326130323839613565303835653234623866326161323061
38346563633864303939383337316530666663643661343536636362316564316632333663373031
39373236666339373734313162316166633965633666356236656630323630386634386637366438
64663337663763353639663862643131666132656431376138346238343036306232663963616165
39383339353532656332333834393361366237646634356365623861633536373738366266613832
64613064363233666433643039643863313363643863323037303539336438643966383632376364
31633464323335306438373439643032613362356136386534363333343938386462323033376134
36376238333139396634366363616465643762343530316135333061636436646530633462626666
66396465356535323263643461623930336330333436343662663837306339346166376535613465
64346463336136663563346335643435613863396665316337353963326261343265633063333463
62306233643232623031336461633636396565373730643139666364316134303563343138376462
30306335626464363431626161326337303730333132323038313236303237663535333565313866
65656230376162643432613866613535356261326434633038386633626336636237346563363737
61623435386562343931373332343238353666396436353863643033633264653965343732343131
38323965323737333533333962666564643461356332333937663131626130323539626362323136
36646639636135663030613865623139326464643738656430373637363330353434643435336261
33643538646464353737616465353536386538623031366232383136383934333561623461313261
33306239303738303062396461333066666665653538303066663930356433653662303832323638
31643966343438333566396431623566656163306136373861306361366539313535666638616364
30333930623665333861333562356230303638323033393939663331643238623035323930613433
39343964383136623961326330323465646564333038343766626336316261656335656136616237
62663663343636306439306432616461666265633161616131383933303834326363353336616664
30333236353838633837393865663931393361343031643738323537616438623766376630316236
39326665343231666438663430616461333162373566353262396638643635643035666538623266
34386335616465636661306636386438663962313935363338373433643933626631373262656662
38313162616335613335363031636330303762303764383433353066616433363233313963363166
64366263336363386462373033333832343139336661386437343939353837366636316233376163
36303238623364656332633733633561326334656535353465636538343865313863306538396566
65653335646637323538313634353735393666633062336464333831336265616432656163316138
62616265663465656661623230393864353839633138343937343536633034646434303838333461
65643635306437313865636636383433316130613834663464333739613266643431643066656337
34653030313061623463623432633966663132316430363136663836363063363236333837633634
64663136343835303563396630356636313231363237613134653362653231623838303939353338
38363737383539666438333562386431306638663361626231393236633337363833323264306236
64383365613337396536366462623036346266616135303661336334356562633432663531643432
31326331666533383031313237666535323038643463383332366363316163646535396566663661
37373433363331333361393266313165363538653831613333303839663438373031633934313133
65653633616138613835633163623130653837313262663535363133306537623537346132383337
65376662623937303033323733653132363661393262323834353865343535313630336437316138
65646262646464613965663464653239316562323139383833653936323433366463653165383961
63393931313966353238386665636330313164393735396339323135383638663266323833653637
61313664346637376437356634343239636439323936393733386335663838386663303032303431
33626339636436336537386263626637303930633632656461326362383765326263616332636336
61343862623431386335373136636532623938383039376562613536373963363936656439333637
31653235646135363836633438626264373130303665376334303531316536393732616463643938
37333566636166623436316562396265663230626463636566333432616562666633343731626333
37366331356365636661353534376463636135643835646633623736613335646133373438663635
31303931653630616639366331616136636238633766303137613330666364333939623930663937
30663263666334646165333034623335646561303432313064336635393238346366626631303131
38393164353336626562356563623138623137616561633161376338316361303430666534623663
64373435393861663936653335373938356563393336306338373164323434363833336234616435
37643562356635343136376533626536613765623562323762643634323864626364363136343930
35353161656438623330333866613337646432623366373364366563333562626138353035323264
32316335656562643062383738653731623935626434306163326234363761373232343330323130
64316331313766333039633033653632616461633430303466383631376663336130626339383861
37363737656138313765333839333132633264333531356237346266353334393630
