$ANSIBLE_VAULT;1.1;AES256
31353966353964346339613162303037386335353364623532666139356332623762663662653735
6538333032626666386230363837653863613032346137620a613539636434353366386265636465
33373434323664326631646533613139613834336132653763393934383030633766663164333835
6335623930313634370a333461333765396466346363313238643836363538633365633434626232
32323730353835643239376332393364366665303637633739623332316530313433326433343035
36393763363966643434343835366337646437656233363134313930366235346530626662306234
38386565633633326566383932633666616432353532626539656536313431383066316138393965
66336563373032646537653330386139396435313561363437333030333234373739643564393734
37623235393763373763386535323763356339663362373233306233323335663839623937313662
36326234656239306639316331383438616239616261333466346536353331336561633465346166
39653666663433623034366239373335313434646431353866353336326365323539323230666262
33383564666132663563343965613335633632626237653039326237313033343464363838636662
66653930323734613636306633346536653231353039313565633335393566333030393232346533
37383437386631346238366438636137303739623530386363303364663836396538313132333034
61393036353662306236633063303763343131336532633236333964396132666566306462366234
61613561653765396266353265643639613262306435373937616231306630663461363963326461
37336161633634333730326438663431363732353833643062663566313332653566353631643430
39393364623361653339643235663731363664376262353464366437613034613933316232323536
32633338646466323138383163356230386239373563663364663436356137623334326165386636
62343863623538336664643535616362626437653966653530306462393865653235303835356133
35623463376666336239353662633931343264373662373439303839383934383437643561353636
38663234643332333065366464376434306339633531373561666562323435346266626233366266
36396331313732656366626563633232333864366237323761373266663666633364383332383431
32363439336666303437623139376262366530386665656631323735383738653864313438306438
31316263363234656132393732613139373431636536333730383462353363663330376566666233
63373130373039626137386566646236623633343536353162666339396366363338616434366534
37626364376134326365313930336339336462366363633561663165326235306561626431326532
33396533303466356136646635643230623234613661316331373939396263373538316439623563
39333131653665626334376636666336313166363061653963373265623138633862376161316263
36303632383534346137653637383834373332613161366138633365353238623163336638653962
33393062663964613461306330613630623665666232613335333032303365353831633336616435
63363262353138663836653239383635656135323664333536633766633335656365373366646165
61653536653631383162396231363032313230326263306533666663376431623236366261643162
35353636373963613639613331363339616665343462323462336332303338353836393932633733
62613565636162353435303532303434633666353731633165653636316136333031636561393038
63653835343365326231653337336531623265386132646631333037663463353831336237336132
66643530636338343865396331333566393438613236306665666539363634383763353262663361
61383130623339356339343733376562336532653232333062306464306235383261386565393665
63633730343062303734633961306233623732613035633939633232353533386339663431646665
63613562383035636462633766333238363563636363626131376238316236653666313635353630
31363732353038613264333831366537333933386132633939626366666638656431663736333433
34386230396136376263666532363230333136343134613835343633653833333939386336666462
33653930303139646266336534633236646333303639386333343738353566653939303733376533
36326435623236653366366561383166303766366162386663343631656634376164326134343332
38396534633439373436653139623832356134633239306662306265373234623930633463356362
65303136353738396265343335316531633435346263636431363430316138643030653062343765
63646564653162613861633931353031323237333838623931393863353535386562633538396534
36396234616435306133396634636131383564393666353135656263653539643464383934353565
31343366323136656439633464633764653936613261313861656166333038363061366262383430
63663464663861383966613161333830366530373363666539633137643163613261643330363332
32626564623838633930636664653464616533353764316166346630313962336461613238366462
38346234353531623830373238383861646265623865373931343233396162366466333530323235
64313630613830313533343163383465383564663663383538333539643632643432623262666266
65623262313661653363313534633461663136616535616239383661346436373663623630383636
34653332323537643665303961353530626164653062353163616465316631336664303033336332
65396438396234616233613937343031373161633433313235303466383336363639373938386631
33623938663630333265643430353865653133313763643834636234623865653332353762316333
31333563626365373132646135653331353663666332316134386438316438316565373339393035
37653263316431343830356436343236646262333830383162386133343531383061373264363735
38626564633461396437323738613366323732383663663661343331653865663665613636313136
65633665333738366436616564306339346136663236383963323066333035613339326131643431
62386234363432626366633130343639333162393964633134356561333764343439323630643663
33343333386533333035363865326666323538313864313435303031633438656136613734626164
39303631376430643063363237636661326432663433346130656562633331333162326131613032
61623065643336363238383664633063643562366564376633633736316562643962373139366561
32373639653835333939343366366431353834323230623336633237313232383161323835653236
34303838633131306136356435353435373464316633356165653034336262306535656438623661
63393563396232633238373438616531623266373637666432616561623636303566373936323436
62386264316231323033383465376433333836336336303862346537376134376239323534623939
37643461343964323937343735666435626233303562623462663136373436646238643331326632
63643830376535613332666333663831346466363762316661376533613031373136346239653235
38383931366161306631313064656334346331333261376632363366366232613162663963323537
61666637623831633334326662336365626265616665653137316565636462303164383964366431
34663135623738343566626264323737353936366666343131326232326139353166386334363261
63313734303339656535396134343461636661363232316636383139366662313637643130623830
30613239663935643835653430343233383765313965623764613431323539313465663861653164
63393536646133333063346535653165323533636431633033626362623639356563613230336366
33346233613333663535316333633264313235306161343064363334316638663535623032373337
65343661333436363730396131333831303731653266626538643561393963633065376162316438
34343130666530376636313536666636326262633233633566316536333436666663616139333765
63653466383465633437393165343165336439636539346434396566666332363563363062643738
31393833363837633639613735326432393635666632346630396462383137623039656435646533
39363233613238383632353463373135323338643433636233626662393337333832363765636330
62653066393537336464393438386435343331663065313039383734643435663963643361643766
36343232656136653964383161303732393836623662626466396166636437343336623533363036
63376137386131633262616635396162386435626262343462323535326361613464653363303538
39316663333930643939313836376162303161343366336137306162633564363463323461653839
37386663363734343662396634336637663663343433336565313037303738653066313262663963
33353661363336343531313639306531616265316335333263336466633339393232323731336637
64646630333735343530393035343038623336373361313631373539383834373035346234383034
34613761656134323366303664363030626231353463616161666461656565656661313439343564
65633166336563643361373930626332303330333365366330643363613534373731653637303764
62383836306237636466373031353430323137376437646464643066346538643936633531366666
33666338313933643230643365346336363433633239386135313138313464613834333666653732
37633235666438646233393165393262633364316336363634303034313463373962303663653635
35323566343339316563373562393762383339336364383861303465326363306664356161353336
36653566366234636433363461386334616537633362646263356634326434333534383632666239
63333361303133316366663731316462313331306639366639363163623836373230626538633032
66346536656463643133343837666236386264643966393965643864316339356231333263306334
37313036343036343235393237613965306463313566323335313935336630656131613766653963
63313661333131653636336163383064363231313433316230646131303137353930346239323835
64303537366334333636636233313832313162323662343764636361393735663231636231376233
37666165326433333239633633646234306539613665666335663135626533613238303666323536
61353239313764643632343133383064393731386165336134656639666364363931396332633638
39306363616263313134316332306263623565636637386334393462613461643031386662326130
39646162376161623965363636343831356433393334623965373133353862366437633261326634
32353061393565373562316162346163663965333166636431383635643139373131643765363139
30383238363365643137343862313165336533303864393664313739663730353539303435396166
62666633313337303533316565353166356466393866353266303962386365366265366162326639
62626538316565343230623434396139663338306339353666376630633565383132383138376137
65623338653565613333323130623432356430623065366462323032386530316134663065613861
63666361663730623663313536643932343834636662653664343330393431313032316331663033
64613866383930613038353035386364306263346265326433393530396638303234323066623561
64613632386362633963373862336165303564656532353835643530643531313065336634363763
61333134643462396339643232626261633162303937323665633335383663393265666231373436
35373266346334663830373666363233653533323164653433313335376631356630363837313064
61343736623334643362363334306532623830393938303238383234636666313332383439393835
33363464626538326363306331346133386330623331656561666261326134383064666666373631
39303131306362346464326138396335613731616131663330613235646661353139363865626434
35386161353233633336373562366539333039663630623438633239306335636166393663613463
39326138656430393033613861663031353039646336323538653834313835306632333061636232
35386365653038383263626365613362386133346233616562356339343332633538646637353330
66656462633236396363613064373734363238373966303466653962323033383838383161353761
32383464303231396263323663623761366566353830636361616265303037376339373637363334
64373131313163383237343332626431373233396430383934336131313064396665663936343565
66653934623737613335376664626464353733663064366331393130613734393138376237383064
61366666353333333834393864363130373563636133653531366237316239323434616433353266
65343433303065303332373135356436663764306537653866663862656635323165376639653066
30376331646166396637366435313066353531356366313164323033636533323064636239323938
39393338396132313664343762313832396632613762303562326365386131393139393665373463
66333165383565336431366437306237393533636366616533393339333261316630313930326331
35626637313238633065333633646538383762336362623866353032616137373937373561313638
39353331633037386236653462346535303862353866633530373134633064363134616464303137
35613761393831663531626430393561333563636364646136353966656230663337346665636230
35363539386639643232393734353031656563303663623962376332366534323637666461393566
66373733643632633362326531633334646333393663653939613633323062613366633563393461
35653031333033663565613262623962656539313665393266363139316331393537343638393839
62613539306161313131386362396138643835333065386161653637396662383830343465306330
37333966333532613165396263386432396164356534366639636362333765333838666461336232
37643530336562623762336363346661346437393736633732306536646235353962363832356662
37666133653666633933396564393761333333373739353563366133303961333830366236333664
33646165383263363261643561343339326133653261613163653666653533333337376563333461
65303639653631616230633464626562626635636435303033303865633866623264656331386136
30633738363533636533383533373437636134373366623032386462303063653732313936303035
39366239613237313136333730396363356561663535656137623532333039656239393438333237
66343234653635356435656335396230363233373634613038653433396637623237613435323837
63333631626365313931336163616561626239323665653661666538353363323963303663663963
37313362383135363535373934663363313231633265376538353938333739613432306238366661
31653736326435346332666163393438323131353637343361643035346562373331323639333961
65353131343933623532396333653038653066643966313761316464346532333333653463613036
66316664636662333161393338373536663864323564383636383232343464313766613764353433
31663961356364313633656361643533393766666332613130346139633836323535383164363637
63366538393263343230623464383536626531653332633261316566623761353266383862306534
65353563626331343031356564633863363431343633623834623761336361653961386535363438
39633961363635396564383866336532386465653736353633333232373065633162663934616434
32633538616433656266643839633437363965376633623462616236663363353163646530303864
37346662343161343735376631313632336139633664653639313161643238393532393737336363
33373333326362366235313365613363316664343063336237343836663937306662633735616261
61633263316334656130666136393732333630346665623638613533633130653462633134623035
30363561366266373865376563336638613038343733316462613635363065663439666138333830
38666335323436313930363561313061633534303132316436633331663232303735646133636465
31323663666136636161616162303233363962383234353664366661653664343936333266313662
33373635343432373130373436363031316562313261386563353630346465663939636430326261
36663232313062623939353463366166646438316435633633376462653534316538373131316462
36363930396433656462616264396334383939353766616530333136663064396230323631323433
62333634373765363531653365376539336339333831336630366531323234643035383261356563
37653532346336336534646263383933336664346366616633623639393363666164316632313039
31316133346637633238306361343438383733323630303937353761656439363662316437633936
66386563363339626361346163326334396464613535386535316363366263313066653362623763
39336239303133343664653361386265613131356435633031303234623030653866353563383964
66383765356663336436663030373438663835373330666532326261316531396238313961383430
66636630623964633862333731323363393966623136303464303936623061646336366466623035
34363930306265373562613061376436623166663163633630393661353935666230
