$ANSIBLE_VAULT;1.1;AES256
38383837363331386335336536363964386537613735373633346338656231363561616636353465
3330313239393236313037326330333234303765333364330a333466306531663461643064386230
66313133356238373638656530356537633635663336333266383632646261376237336132316263
3934383830376561320a376533656233363065353838623662336463346339356538646462653764
66376162383235356631386261633761333065396438636132323764626237373233396131313138
30626137303663306132323061363932303533336531363166303061663962366266616330353038
62633061343831663537636532663665383136376161356337373537663534346365613765333930
38373436623539633362633363303933393037613738363239653632373137303735303631303439
31616436613131356137333231313665356130356633373666393365643538393166633539336662
37656231666434663639393164623361636635373130613364393738363438313862363461373763
34316662313033623838613964613938633466613063313435616364646530376436306561643139
65626664623733633563346135623064656539343964656135633361363338613462326530363463
66643831623866333631316237303936396134336130323235346430656135366662356333646439
37363032313464613032336336396331303134386338646139333262323636386136393962343032
61646463373962656334326432306437633533636365323864333438323135623130626338336631
32366264616162383531643665376532666639333037356237373462393864346332333639636164
66656630623137666135383165323466366533313037336331646566336666316238656264366463
32633633353964306366666237363865323062373466323139646239356639363763373536636436
36373833383137636661656465333961323035646636353038646562323833323730333233643666
65306330623265353465383566376535613934323664343131373139386431393032353766393366
33613364613033393466336133343830663538346230313566353361343464346637393761633962
34303966636265666465353862613033613434303636336235333035396562626433623363393233
34343636663065323933636332336463333062313962383862643537376534363038636566336462
62643638613636336337
