$ANSIBLE_VAULT;1.1;AES256
37326261356237656437653330653733336435353935326339653031343565373036613433313637
3635336339336666623263613632373762373935363232340a306136346239343235623162353035
31643833323461623831303230646263386539663363366365663562383461373965383536613239
3939396135643565300a653631643938663232643031306530316666643266643731336639636330
65663933313432636566366538353261313165636638623630306638373338363766306662373061
66396434646361323735633266326264316661376334323463336530346537346631633432613432
39643837353663366231323635303333336238353065363931633363623663623330653132343639
66303732386664376161393431666637613765333966313766373533353238383933353666633936
61663263303833313935303335373663323434306535306339343865313863363039663561643139
36343161333566326435396533623839353637613965646234303839616366326531376363333936
64316236373836383430663437316534316231666539363364616536396137393062663764663366
65303763633437366533353562316630646331366632663164323065623036383135353333636433
31353233313132646535376664383731666666393835663834663633643439616335313566366335
30383966343135343838666663633138393530313565353838333466376364353538656565613034
66613966353639623639646564343539633232623562613234623139376164363634666530626235
63646265636338643430393132323966663230653132383635383966393961626239303766623363
31386638616631363535343634323834623761643461343461306633383461353935303462363638
32336533396163393730343037323837393839643232646638313734373766646565643030636166
30363836386437656138393566643561326635366539636138313261643262636636656166393038
64306636623665306530383736376631623463303664383832656630363466386463656166663533
61626534383630623463333264313239373763373937663262623562336236666237363463633435
38393062613964356562313032386266373930343266353232363364333739363232643332346436
32623363646339383232313166623566663037653538373234373366366433353737323063366238
39623637363935643937663639646437646539353537656164626536656335386633636134373165
30306566373362323535666361333435316231643962333433623238386666393264333261613164
34303463343432386666643734643661393335376232333137386333383263346636616663363763
64656636346363376534303166646335653739346463623834646630393762373032373038653662
30653330626165313338
