$ANSIBLE_VAULT;1.1;AES256
65393631326539356564396335666632396536303937636235656266343932613436646564323962
3561323231303333396633333030616435343865633036370a356261663539393662623138656338
63633466646431396563346235386463323263656663356134326631656562343264323333613537
6137313534376664390a333031616461663466623535306566643165656133396536313234326266
33663962643061356439396565313336396137316138383534326665656130666262313634373765
39386430363431666634396233393166356561313636386436643636323462353537363037653163
37646562646330633633363461323463626239636137336437386261343562363430346161623435
64313666633137356633656635613331643739343837323933356363653531346134363430303735
39316263376666313364393934313862306137633639623933653066626130616263326134306231
35376163663963623065646566653833353465623530386532356664373433316437653965356138
64313639636335343265653731383563356639333237393330633966646530616535316538656531
61616533373834383664336231653566626638633965663136633562323436623738346435306661
63626630303562306465393464323731663661643965353262626436636361653265303137363234
62613565356237663330306266356132326532626637643134633930346561356466656637373063
62393534643363633339393261663366613361633965346563396532353838396164623430366662
30326630313130363165663837363166393436383931383332666232663238396436663664333737
38643536373265323736333364626638306439616230303239383137646265376136396638653138
38316464313530316266363835626463373834376661663737613833373861663130383933663565
66323734643437316536326364313938313939613437316531623839303862343666326130383966
62356532356634363865356238363765396166373766363036386230343630303963663834633739
39366535613265643633356466633933333961346330353339313665386439656363313631343763
30383562333464653030666265316262653833626365376164343462376363333036653034336161
30653138613732303735336638376362353930363534316661653331303034613438346237363565
32633631343335346639
